A = [2 3 4 5; 6 4 7 8; 0 1 4 3; 6 9 3 2]
B = [0 6 2 3; 8 9 7 2; 5 4 3 2; 5 6 4 1]
~A
A & B
A & ~B
A | B
A | ~B