jkl = 0 : 6
klj = 2 : 4 : 17
lkj = 99 : -1 : 88
ttt = 2 : (1/9) : 4
tpi = pi * [0 : 0.1 : 2]